examples/02_MontePisano/data/dtm.asc
ncols        56
nrows        64
xllcorner    620803.000000000000
yllcorner    4838374.000000000000
cellsize     99.517857142857
NODATA_value -9999
[rows 20 to 39 of 64, columns 0 to 44 of 56]
0 0 0 0 0 0 0 0 39.77500152587890625 38.504001617431640625 41.72299957275390625 43.53099822998046875 43.509998321533203125 50.077999114990234375 51.66699981689453125 56.1360015869140625 59.453998565673828125 76.75299835205078125 80.69100189208984375 89.089996337890625 93.35900115966796875 125.647003173828125 162.0160064697265625 207.6750030517578125 256.26300048828125 288.802001953125 277.55999755859375 257.029998779296875 227.92999267578125 205.3209991455078125 213.9109954833984375 233.4120025634765625 262.951995849609375 281.141998291015625 279.423004150390625 292.092987060546875 335.384002685546875 384.864013671875 416.975006103515625 433.135009765625 437.506011962890625 487.2659912109375 524.5670166015625 562.96697998046875 593.5469970703125
0 0 0 0 0 0 0 0 34.134998321533203125 35.6829986572265625 40.062000274658203125 41.189998626708984375 43.60900115966796875 45.437999725341796875 49.08599853515625 56.674999237060546875 64.51300048828125 75.21199798583984375 83.75099945068359375 96.1490020751953125 109.4980010986328125 135.985992431640625 167.095001220703125 207.0829925537109375 261.261993408203125 261.811004638671875 233.968994140625 227.889007568359375 210.819000244140625 184.6100006103515625 196.1399993896484375 229.9499969482421875 242.031005859375 239.96099853515625 266.082000732421875 304.772003173828125 326.2030029296875 348.89300537109375 375.9840087890625 385.91400146484375 397.845001220703125 443.375 487.614990234375 513.59600830078125 557.916015625
0 0 0 0 0 0 0 0 31.12400054931640625 33.61199951171875 37.2910003662109375 37.85900115966796875 41.858001708984375 42.047000885009765625 46.365001678466796875 53.604000091552734375 61.161998748779296875 66.83100128173828125 90.09999847412109375 103.227996826171875 120.47699737548828125 120.80500030517578125 148.313995361328125 180.4720001220703125 216.6909942626953125 226.839996337890625 199.3079986572265625 198.516998291015625 207.2480010986328125 179.25799560546875 180.3690032958984375 193.6190032958984375 202.80999755859375 233.5 274.70098876953125 284.22100830078125 310.141998291015625 320.62200927734375 339.863006591796875 376.542999267578125 423.81298828125 464.704010009765625 495.373992919921875 536.0050048828125 584.33502197265625
0 0 0 0 0 0 0 0 29.253000259399414062 31.900999069213867188 33.159999847412109375 35.77899932861328125 38.13700103759765625 38.65599822998046875 42.8040008544921875 50.58300018310546875 57.36100006103515625 65.48999786376953125 67.28900146484375 103.1569976806640625 87.82599639892578125 104.15399932861328125 126.08300018310546875 147.740997314453125 170.75 185.998992919921875 165.1970062255859375 156.5260009765625 170.5670013427734375 156.9969940185546875 163.5980072021484375 186.798004150390625 220.9889984130859375 263.3489990234375 278.69000244140625 304.3900146484375 340.860992431640625 367.95098876953125 384.501007080078125 405.72198486328125 443.071990966796875 490.042999267578125 533.4630126953125 561.7540283203125 586.9439697265625
0 0 0 0 0 0 0 0 27.492000579833984375 30.8209991455078125 31.349000930786132812 33.048000335693359375 32.046001434326171875 31.33499908447265625 41.1829986572265625 46.742000579833984375 48.75099945068359375 45.438999176025390625 56.2779998779296875 66.1060028076171875 61.174999237060546875 94.792999267578125 101.2819976806640625 118.76999664306640625 132.9589996337890625 139.2870025634765625 136.2859954833984375 131.1450042724609375 130.805999755859375 145.8459930419921875 161.4969940185546875 181.3470001220703125 221.2779998779296875 252.8979949951171875 291.178009033203125 327.628997802734375 354.128997802734375 357.579986572265625 352.670013427734375 388.821014404296875 428.550994873046875 473.631988525390625 522.98199462890625 576.78302001953125 613.66302490234375
0 0 0 0 0 0 0 0 25.891000747680664062 27.030000686645507812 29.517999649047851562 29.787000656127929688 30.135000228881835938 29.51399993896484375 34.4329986572265625 39.800998687744140625 42.18000030517578125 38.0279998779296875 42.356998443603515625 47.314998626708984375 59.703998565673828125 73.23200225830078125 82.42099761962890625 92.13899993896484375 107.31800079345703125 108.8560028076171875 112.35500335693359375 104.003997802734375 131.06500244140625 142.214996337890625 144.9459991455078125 175.496002197265625 223.235992431640625 273.36700439453125 298.457000732421875 303.238006591796875 316.477996826171875 306.509002685546875 358.97900390625 403.82000732421875 456.55999755859375 503.3909912109375 532.1209716796875 556.89202880859375 602.9019775390625
0 0 0 0 0 0 0 0 23.229999542236328125 25.759000778198242188 26.747999191284179688 26.62599945068359375 28.2350006103515625 25.962999343872070312 31.031999588012695312 34.720001220703125 34.78900146484375 34.5670013427734375 42.366001129150390625 51.8040008544921875 60.33300018310546875 66.121002197265625 70.25 79.76799774169921875 90.5970001220703125 93.93499755859375 95.43399810791015625 113.983001708984375 124.253997802734375 124.4940032958984375 154.8639984130859375 185.9949951171875 220.1649932861328125 242.365997314453125 251.555999755859375 260.837005615234375 287.087005615234375 294.0780029296875 343.477996826171875 392.178985595703125 454.8590087890625 502.75 545.53997802734375 577.17999267578125 602.801025390625
0 0 0 0 0 0 0 0 20.68000030517578125 23.558000564575195312 24.037000656127929688 24.0149993896484375 25.15399932861328125 23.9720001220703125 26.490999221801757812 28.489000320434570312 27.837999343872070312 30.715999603271484375 37.854999542236328125 46.173000335693359375 54.79199981689453125 63.3300018310546875 71.9589996337890625 78.60700225830078125 68.246002197265625 80.51399993896484375 96.86299896240234375 115.36199951171875 128.9320068359375 144.673004150390625 158.1829986572265625 173.9940032958984375 189.5839996337890625 204.154998779296875 202.81500244140625 222.615997314453125 236.5059967041015625 279.7869873046875 330.43701171875 377.558013916015625 424.947998046875 469.907989501953125 514.26898193359375 557.13897705078125 606.84002685546875
0 0 0 0 0 14.102999687194824219 15.192000389099121094 16.809999465942382812 19.399000167846679688 22.746999740600585938 22.315999984741210938 21.173999786376953125 20.853000640869140625 21.641000747680664062 22.20999908447265625 22.88800048828125 24.976999282836914062 31.534999847412109375 38.29399871826171875 45.161998748779296875 53.78099822998046875 59.229000091552734375 63.728000640869140625 63.34600067138671875 76.24500274658203125 86.80300140380859375 105.9120025634765625 115.7310028076171875 128.1410064697265625 139.212005615234375 148.552001953125 149.9929962158203125 174.113006591796875 197.7740020751953125 224.7740020751953125 251.43499755859375 287.644989013671875 289.996002197265625 303.376007080078125 346.885986328125 390.076995849609375 431.4169921875 476.787994384765625 535.25799560546875 577.458984375
0 0 0 8.9759998321533203125 10.543999671936035156 12.093000411987304688 14.571000099182128906 14.850000381469726562 17.738000869750976562 20.107000350952148438 19.94499969482421875 19.062999725341796875 18.312000274658203125 18.530000686645507812 20.569000244140625 23.156999588012695312 25.326000213623046875 30.62400054931640625 36.783000946044921875 42.131000518798828125 46.84999847412109375 48.268001556396484375 56.856998443603515625 65.2949981689453125 80.194000244140625 90.8820037841796875 92.89099884033203125 101.779998779296875 112.1999969482421875 120.56099700927734375 147.1909942626953125 166.261993408203125 197.462005615234375 226.352996826171875 260.342987060546875 277.8330078125 317.134002685546875 344.7340087890625 347.105010986328125 354.214996337890625 375.47601318359375 409.22601318359375 457.266998291015625 508.136993408203125 569.3179931640625
0 5.0279998779296875 6.0359997749328613281 8.1149997711181640625 9.4829998016357421875 11.052000045776367188 11.619999885559082031 14.399000167846679688 20.047000885009765625 18.856000900268554688 17.313999176025390625 16.372999191284179688 16.3209991455078125 19.29000091552734375 20.988000869750976562 23.996999740600585938 27.094999313354492188 31.462999343872070312 35.091999053955078125 36.729999542236328125 42.398998260498046875 42.797000885009765625 48.305999755859375 60.43399810791015625 65.0630035400390625 65.19100189208984375 86.4199981689453125 89.74900054931640625 113.40899658203125 118.75 151.9799957275390625 166.4900054931640625 201.550994873046875 245.6710052490234375 287.552001953125 322.6719970703125 336.553009033203125 385.3330078125 402.27398681640625 408.433990478515625 418.07501220703125 443.7349853515625 469.045989990234375 511.795989990234375 562.5469970703125
3.8190000057220458984 4.506999969482421875 5.645999908447265625 6.6440000534057617188 8.562999725341796875 9.2309999465942382812 10.4589996337890625 12.668000221252441406 21.606000900268554688 16.66500091552734375 16.173000335693359375 15.571999549865722656 16.45999908447265625 18.018999099731445312 21.047000885009765625 23.62599945068359375 26.114000320434570312 28.312999725341796875 30.231000900268554688 38.27899932861328125 42.5579986572265625 46.895999908447265625 53.7050018310546875 59.4329986572265625 74.99199676513671875 101.20999908447265625 106.2389984130859375 114.6869964599609375 123.81800079345703125 139.50799560546875 141.2790069580078125 168.97900390625 190.80999755859375 225.30999755859375 262.70098876953125 304.9110107421875 348.782012939453125 374.302001953125 405.983001708984375 444.4630126953125 469.53399658203125 487.803985595703125 511.975006103515625 537.43499755859375 570.19598388671875
4.1680002212524414062 4.2459998130798339844 5.2449998855590820312 6.0430002212524414062 7.0019998550415039062 8.6999998092651367188 10.269000053405761719 11.616999626159667969 20.975999832153320312 13.894000053405761719 13.991999626159667969 15.590999603271484375 17.319000244140625 17.857999801635742188 22.9160003662109375 27.975000381469726562 30.572999954223632812 35.981998443603515625 37.630001068115234375 45.73799896240234375 53.966999053955078125 60.595001220703125 74.0540008544921875 78.48200225830078125 88.56099700927734375 94.02899932861328125 115.48699951171875 141.055999755859375 150.9369964599609375 161.7570037841796875 157.798004150390625 150.238006591796875 173.0890045166015625 195.468994140625 230.660003662109375 270.739990234375 308.321014404296875 344.83099365234375 379.881988525390625 415.321990966796875 461.852996826171875 512.9429931640625 548.073974609375 579.40399169921875 603.7039794921875
4.3070001602172851562 4.2459998130798339844 4.673999786376953125 5.4429998397827148438 6.451000213623046875 7.9089999198913574219 8.618000030517578125 9.9460000991821289062 20.2649993896484375 12.892999649047851562 12.911999702453613281 15.270000457763671875 16.489000320434570312 18.976999282836914062 27.815000534057617188 35.4739990234375 35.922000885009765625 48.410999298095703125 57.63899993896484375 70.5070037841796875 79.42600250244140625 88.8339996337890625 94.14299774169921875 94.69100189208984375 108.34999847412109375 124.92800140380859375 138.615997314453125 162.0449981689453125 182.436004638671875 192.9459991455078125 168.397003173828125 190.8470001220703125 180.488006591796875 229.358001708984375 218.1790008544921875 241.5789947509765625 276.019989013671875 306.8599853515625 347.381011962890625 387.34100341796875 434.70098876953125 480.4119873046875 536.1519775390625 581.41302490234375 627.03302001953125
5.0669999122619628906 4.7750000953674316406 4.9429998397827148438 5.5720000267028808594 6.4000000953674316406 7.4489998817443847656 7.4369997978210449219 11.065999984741210938 12.244000434875488281 11.102000236511230469 12.770999908447265625 18.628999710083007812 30.0279998779296875 50.70600128173828125 57.394001007080078125 58.983001708984375 57.39099884033203125 56.380001068115234375 79.0879974365234375 100.97699737548828125 113.60500335693359375 121.38300323486328125 124.641998291015625 129.589996337890625 139.0890045166015625 158.8170013427734375 169.285003662109375 188.8939971923828125 201.8849945068359375 217.8950042724609375 194.5160064697265625 227.9759979248046875 212.087005615234375 201.0970001220703125 255.6569976806640625 256.477996826171875 271.01800537109375 281.8590087890625 317.928985595703125 363.519989013671875 412.100006103515625 472.71099853515625 532.23101806640625 577.552001953125 611.1619873046875
5.8460001945495605469 6.0040001869201660156 5.9829998016357421875 6.7509999275207519531 6.5399999618530273438 6.5079998970031738281 7.4959998130798339844 16.635000228881835938 10.993000030517578125 13.682000160217285156 12.550000190734863281 14.0279998779296875 53.087001800537109375 92.02500152587890625 101.2740020751953125 98.61199951171875 89.70999908447265625 74.9290008544921875 93.47699737548828125 125.68599700927734375 152.16400146484375 163.4219970703125 164.58099365234375 173.7989959716796875 179.6869964599609375 183.7559967041015625 202.4239959716796875 218.8430023193359375 237.042999267578125 229.9940032958984375 227.843994140625 264.954986572265625 258.93499755859375 234.46600341796875 248.2660064697265625 267.22698974609375 293.49700927734375 347.467987060546875 350.477996826171875 382.178985595703125 424.928985595703125 486.269989013671875 557.78997802734375 604.6610107421875 616.61102294921875
6.2449998855590820312 6.1339998245239257812 5.4320001602172851562 6.0300002098083496094 6.2789998054504394531 6.9070000648498535156 6.0859999656677246094 12.854000091552734375 10.142000198364257812 11.741000175476074219 10.968999862670898438 13.887999534606933594 48.70600128173828125 93.71399688720703125 147.673004150390625 140.7209930419921875 126.63899993896484375 106.3079986572265625 105.3560028076171875 137.2449951171875 184.733001708984375 213.1510009765625 209.9199981689453125 218.00799560546875 222.70599365234375 228.5449981689453125 233.6529998779296875 258.7919921875 262.701995849609375 251.983001708984375 264.113006591796875 307.813995361328125 300.753997802734375 272.404998779296875 268.7449951171875 301.756011962890625 319.996002197265625 349.47698974609375 397.93701171875 419.26800537109375 460.13800048828125 506.3489990234375 570.89898681640625 621.8699951171875 622.57000732421875
6.5450000762939453125 6.6929998397827148438 5.7810001373291015625 6.0999999046325683594 6.6680002212524414062 6.4559998512268066406 12.154999732971191406 10.1529998779296875 12.54199981689453125 11.520000457763671875 9.7279996871948242188 13.307000160217285156 41.625 83.94300079345703125 134.98199462890625 188.899993896484375 164.51800537109375 142.0070037841796875 128.2649993896484375 147.10400390625 181.332000732421875 228.9799957275390625 261.949005126953125 262.566986083984375 268.07501220703125 272.433990478515625 266.402008056640625 284.031005859375 288.501007080078125 283.4320068359375 283.772003173828125 313.62298583984375 339.81298828125 310.644012451171875 289.264007568359375 349.57501220703125 372.355010986328125 378.376007080078125 418.5360107421875 468.43701171875 502.87701416015625 544.65802001953125 578.89801025390625 583.72900390625 586.72900390625
6.4340000152587890625 6.4419999122619628906 5.8109998703002929688 5.9689998626708984375 7.4869999885559082031 9.055999755859375 12.003999710083007812 9.9619998931884765625 13.531000137329101562 9.4189996719360351562 10.0970001220703125 14.805999755859375 37.444000244140625 75.75299835205078125 119.75099945068359375 175.8690032958984375 207.858001708984375 184.4459991455078125 167.35400390625 163.5330047607421875 191.9109954833984375 230.0890045166015625 271.62799072265625 312.58599853515625 313.014007568359375 315.683013916015625 311.70098876953125 321.57000732421875 320.980010986328125 319.251007080078125 311.6409912109375 311.1719970703125 351.402008056640625 351.7030029296875 318.412994384765625 337.394012451171875 381.4840087890625 420.7550048828125 465.355010986328125 501.64599609375 514.93597412109375 521.406005859375 526.46697998046875 526.0570068359375 529.7979736328125
9.0329999923706054688 6.4109997749328613281 6.4400000572204589844 6.8080000877380371094 6.9770002365112304688 13.534999847412109375 10.203000068664550781 10.201999664306640625 9.8500003814697265625 11.298000335693359375 12.637000083923339844 17.55500030517578125 34.573001861572265625 69.2519989013671875 110.45999908447265625 152.5279998779296875 208.7969970703125 236.4149932861328125 222.4029998779296875 205.3119964599609375 209.3600006103515625 237.548004150390625 275.18701171875 311.785003662109375 370.222991943359375 355.24200439453125 358 361.438995361328125 363.019012451171875 358.029998779296875 361.20001220703125 357.441009521484375 365.281005859375 391.191009521484375 374.49200439453125 382.152008056640625 407.52301025390625 432.292999267578125 466.553985595703125 461.944000244140625 454.915008544921875 466.67498779296875 472.165985107421875 465.33599853515625 471.467010498046875
