examples/02_MontePisano/data/dtm.asc
ncols        56
nrows        64
xllcorner    620803.000000000000
yllcorner    4838374.000000000000
cellsize     99.517857142857
NODATA_value -9999
[rows 0 to 19 of 64, columns 0 to 44 of 56]
0.0 0 0 0 0 0 0 0 0 0 0 0 0 0 0 0 0 224.055999755859375 227.2050018310546875 227.1139984130859375 224.0330047607421875 209.451995849609375 235.4120025634765625 262.1510009765625 0 0 0 0 0 0 0 0 0 0 0 0 0 0 0 0 0 0 0 0 0
0 0 0 0 0 0 0 0 0 0 0 0 0 0 213.4759979248046875 189.44500732421875 202.7050018310546875 200.1439971923828125 213.2429962158203125 210.462005615234375 204.2910003662109375 194.9199981689453125 226.28900146484375 246.759002685546875 227.858001708984375 241.2969970703125 240.365997314453125 242.2859954833984375 258.11700439453125 281.548004150390625 311.178985595703125 346.8800048828125 376.22100830078125 379.522003173828125 400.1820068359375 436.15301513671875 0 0 0 0 0 0 0 0 0
0 0 0 0 0 0 0 0 0 0 0 348.467010498046875 327.58599853515625 296.7449951171875 256.28399658203125 216.1829986572265625 169.8430023193359375 182.332000732421875 195.6309967041015625 193.100006103515625 192.319000244140625 191.787994384765625 203.266998291015625 210.485992431640625 210.2550048828125 211.125 221.8939971923828125 250.6739959716796875 278.43499755859375 329.406005859375 359.99700927734375 392.777008056640625 415.8380126953125 432.27899169921875 465.75 499.610992431640625 533.07098388671875 558.1519775390625 617.2030029296875 0 0 0 0 0 0
0 0 0 0 0 0 0 0 418.49798583984375 407.09698486328125 406.21600341796875 394.454986572265625 351.503997802734375 302.042999267578125 252.1219940185546875 211.212005615234375 173.71099853515625 176.399993896484375 182.889007568359375 172.2480010986328125 177.6869964599609375 174.0959930419921875 181.7449951171875 197.7239990234375 230.4329986572265625 250.891998291015625 265.751007080078125 258.37200927734375 255.1920013427734375 309.00299072265625 360.764007568359375 414.364990234375 446.34600830078125 480.696014404296875 516.3270263671875 552.0479736328125 576.97900390625 612.708984375 651.94000244140625 689.041015625 0 0 0 0 0
0 0 0 0 0 0 0 0 351.605987548828125 351.355010986328125 356.35400390625 379.053009033203125 357.532012939453125 315.782012939453125 278.83099365234375 235.8899993896484375 187.8090057373046875 153.947998046875 167.7469940185546875 164.20599365234375 163.7550048828125 169.5240020751953125 225.542999267578125 263.141998291015625 287.501007080078125 310.399993896484375 320.178985595703125 308.8389892578125 279.839996337890625 299.27099609375 364.371002197265625 428.701995849609375 468.673004150390625 502.343994140625 535.65399169921875 567.4849853515625 605.5460205078125 651.7769775390625 704.64697265625 730.447998046875 758.97900390625 0 0 0 0
0 0 0 0 0 0 0 0 296.855010986328125 289.843994140625 307.9630126953125 353.141998291015625 366.790985107421875 346 303.308990478515625 252.0279998779296875 193.5670013427734375 142.9160003662109375 148.1049957275390625 157.003997802734375 147.662994384765625 191.9320068359375 250.1710052490234375 307.579986572265625 342.15899658203125 367.02801513671875 368.24700927734375 355.897003173828125 317.02801513671875 293.37799072265625 354.118988037109375 399.260009765625 433.149993896484375 458.821014404296875 494.761993408203125 542.12298583984375 596.2030029296875 641.583984375 670.9949951171875 703.43499755859375 736.176025390625 752.2969970703125 0 0 0
0 0 0 0 0 0 0 0 294.572998046875 249.052001953125 275.09100341796875 304.989990234375 313.47900390625 316.798004150390625 292.34698486328125 257.246002197265625 193.8849945068359375 144.6739959716796875 136.5229949951171875 132.1719970703125 165.3509979248046875 214.1300048828125 273.4580078125 307.196990966796875 357.235992431640625 406.635009765625 416.313995361328125 393.4639892578125 354.165008544921875 330.57598876953125 317.996002197265625 342.907012939453125 381.808013916015625 447.26800537109375 504.628997802734375 548.42999267578125 578.45001220703125 590.010986328125 617.89202880859375 660.84197998046875 715.26300048828125 719.9639892578125 698.60400390625 0 0
0 0 0 0 0 0 0 0 278.290985107421875 238.0099945068359375 233.4889984130859375 250.3780059814453125 256.907012939453125 251.7660064697265625 238.9250030517578125 207.4940032958984375 173.0030059814453125 130.712005615234375 119.70099639892578125 139.6999969482421875 186.51800537109375 218.9470062255859375 261.305999755859375 313.55499267578125 346.743988037109375 378.01300048828125 443.832000732421875 427.31201171875 392.87298583984375 374.88299560546875 369.834014892578125 374.2550048828125 373.385009765625 421.805999755859375 472.485992431640625 505.506988525390625 520.8380126953125 545.53802490234375 596.739013671875 651.58001708984375 681.6300048828125 679.34100341796875 669.9010009765625 624.76202392578125 605.9329833984375
0 0 0 0 0 0 0 0 275.829986572265625 223.6790008544921875 200.5070037841796875 202.305999755859375 205.845001220703125 199.35400390625 193.613006591796875 173.6620025634765625 137.7910003662109375 112.410003662109375 119.32900238037109375 156.1670074462890625 193.656005859375 230.774993896484375 273.264007568359375 312.803009033203125 361.951995849609375 386.170989990234375 447.089996337890625 474.850006103515625 443.209991455078125 425.040985107421875 431.96099853515625 420.23199462890625 408.662994384765625 405.983001708984375 421.2139892578125 453.28399658203125 496.285003662109375 552.6259765625 609.656005859375 652.9169921875 646.38702392578125 635.14801025390625 625.968994140625 605.26898193359375 558.16998291015625
0 0 0 0 0 0 0 0 254.9380035400390625 220.1670074462890625 181.7960052490234375 165.5050048828125 165.2830047607421875 167.6920013427734375 160.8509979248046875 140.17999267578125 109.02899932861328125 102.8679962158203125 130.4770050048828125 177.4850006103515625 223.2039947509765625 268.40301513671875 304.4119873046875 345.281005859375 384.6099853515625 393.75799560546875 422.09698486328125 455.3070068359375 485.62799072265625 489.7080078125 496.27899169921875 479.618988037109375 468.209991455078125 459.33099365234375 467.540985107421875 491.802001953125 523.98199462890625 561.91302490234375 604.60302734375 638.6240234375 622.6240234375 592.67498779296875 581.3759765625 572.98602294921875 524.7769775390625
0 0 0 0 0 0 0 0 217.376007080078125 195.035003662109375 165.6840057373046875 156.2530059814453125 132.99200439453125 141.5399932861328125 130.0590057373046875 111.1179962158203125 93.35700225830078125 103.42600250244140625 137.56500244140625 182.51300048828125 232.082000732421875 289.781005859375 310.779998779296875 325.718994140625 336.886993408203125 361.72601318359375 368.7550048828125 409.644989013671875 453.084991455078125 497.0260009765625 544.43597412109375 523.8270263671875 517.0269775390625 525.98797607421875 522.72802734375 542.80902099609375 568.20001220703125 603.07000732421875 636.7509765625 640.57098388671875 613.89202880859375 582.25201416015625 549.15301513671875 507.52301025390625 494.144012451171875
0 0 0 0 0 0 0 0 185.845001220703125 165.60400390625 146.6320037841796875 141.740997314453125 134.94000244140625 118.6490020751953125 107.177001953125 91.04599761962890625 91.785003662109375 101.46399688720703125 131.36199951171875 168.9810028076171875 212.4799957275390625 244.319000244140625 251.227996826171875 271.996002197265625 287.524993896484375 311.03399658203125 337.113006591796875 380.951995849609375 422.233001708984375 468.52301025390625 517.4940185546875 567.43402099609375 565.135009765625 566.7650146484375 578.58599853515625 592.89599609375 617.88702392578125 654.38702392578125 679.38800048828125 659.23797607421875 633.0789794921875 602.00897216796875 573.3900146484375 540.66998291015625 508.290985107421875
0 0 0 0 0 0 0 0 164.7530059814453125 154.6620025634765625 140.6609954833984375 117.71900177001953125 120.447998046875 114.16699981689453125 97.09600067138671875 75.26399993896484375 91.03299713134765625 102.35199737548828125 121.220001220703125 148.248992919921875 178.76800537109375 194.4969940185546875 192.6049957275390625 224.003997802734375 270.842987060546875 306.272003173828125 341.410003662109375 373.5 414.339996337890625 465.47100830078125 519.69097900390625 537.2020263671875 527.97198486328125 546.77301025390625 545.6729736328125 551.91400146484375 577.9639892578125 612.88397216796875 636.375 662.9849853515625 660.96600341796875 632.5260009765625 603.947021484375 570.10699462890625 535.0880126953125
0 0 0 0 0 0 0 0 149.4709930419921875 135.5 128.90899658203125 114.64800262451171875 107.39600372314453125 101.3249969482421875 69.81400299072265625 78.522003173828125 87.09100341796875 107.34999847412109375 121.51799774169921875 135.6670074462890625 140.996002197265625 180.68499755859375 225.4929962158203125 262.772003173828125 293.71099853515625 331.239013671875 365.358001708984375 408.14801025390625 453.75799560546875 489.38800048828125 488.40899658203125 483.718994140625 469.6300048828125 487.779998779296875 500.061004638671875 505.740997314453125 541.11102294921875 560.031982421875 584.24200439453125 620.2030029296875 682.593017578125 662.27398681640625 631.7340087890625 597.04498291015625 556.864990234375
0 0 0 0 0 0 0 0 150.600006103515625 132.718994140625 113.197998046875 103.87599945068359375 84.845001220703125 90.7440032958984375 69.4720001220703125 74.64099884033203125 87.44000244140625 100.83899688720703125 106.61699676513671875 136.436004638671875 164.0749969482421875 196.6230010986328125 226.201995849609375 263.381011962890625 314.1090087890625 349.738006591796875 379.467010498046875 415.485992431640625 457.587005615234375 446.60699462890625 430.467987060546875 429.977996826171875 416.968994140625 435.77899169921875 449.459991455078125 460.8900146484375 493.3900146484375 508.46099853515625 538.6710205078125 586.48199462890625 644.83197021484375 676.53302001953125 662.90301513671875 627.43402099609375 584.9539794921875
0 0 0 0 0 0 0 0 165.248992919921875 133.548004150390625 110.516998291015625 85.115997314453125 84.4940032958984375 74.97299957275390625 65.641998291015625 77.3600006103515625 85.02899932861328125 96.0279998779296875 117.68599700927734375 146.1049957275390625 156.66400146484375 177.261993408203125 214.7910003662109375 261.54998779296875 307.25799560546875 318.816986083984375 369.186004638671875 412.795013427734375 429.5159912109375 405.5360107421875 378.86700439453125 378.22698974609375 368.048004150390625 398.75799560546875 418.678009033203125 416.90899658203125 440.438995361328125 468.529998779296875 510.670013427734375 568.77099609375 592.281005859375 630.99200439453125 673.09197998046875 666.27197265625 620.40301513671875
0 0 0 0 0 0 0 0 184.8990020751953125 168.6869964599609375 136.365997314453125 104.25499725341796875 72.4629974365234375 63.11199951171875 58.89099884033203125 73.1790008544921875 80.358001708984375 83.5370025634765625 95.55500030517578125 117.71399688720703125 148.7129974365234375 181.430999755859375 226.6300048828125 254.569000244140625 244.7469940185546875 290.746002197265625 347.614990234375 385.79400634765625 379.404998779296875 389.355010986328125 358.21600341796875 324.615997314453125 323.305999755859375 379.43701171875 380.93701171875 377.76800537109375 406.678009033203125 454.718994140625 505.959014892578125 517.29998779296875 543.8599853515625 587.65997314453125 651.77099609375 683.77099609375 644.34197998046875
0 0 0 0 0 0 0 0 138.75799560546875 164.0959930419921875 120.38500213623046875 84.0240020751953125 62.312000274658203125 55.03099822998046875 61.779998779296875 67.48799896240234375 75.7570037841796875 82.40599822998046875 96.35399627685546875 131.0529937744140625 156.86199951171875 181.80999755859375 203.699005126953125 194.8480072021484375 218.7259979248046875 279.404998779296875 339.4840087890625 350.31298828125 324.824005126953125 338.4739990234375 322.4739990234375 295.864990234375 315.144989013671875 347.5260009765625 335.756011962890625 370.777008056640625 418.49700927734375 432.51800537109375 444.167999267578125 467.308013916015625 512.40899658203125 578.55902099609375 627.55999755859375 661.969970703125 646.07098388671875
0 0 0 0 0 0 0 0 103.77700042724609375 109.555999755859375 93.444000244140625 64.66300201416015625 45.93199920654296875 54.799999237060546875 59.479000091552734375 63.547000885009765625 66.45600128173828125 85.9550018310546875 108.83300018310546875 133.9720001220703125 127.09100341796875 154.139007568359375 171.3379974365234375 187.1970062255859375 245.7949981689453125 298.764007568359375 333.782012939453125 316.61199951171875 277.821990966796875 288.592987060546875 279.162994384765625 265.553985595703125 305.873992919921875 302.55499267578125 336.32501220703125 375.64599609375 376.2860107421875 369.97601318359375 401.0570068359375 455.62701416015625 514.2080078125 549.66802978515625 587.79901123046875 630.0689697265625 648.9000244140625
0 0 0 0 0 0 0 0 62.23600006103515625 62.44499969482421875 56.44300079345703125 48.731998443603515625 46.620998382568359375 52.88899993896484375 54.257999420166015625 54.646999359130859375 62.27500152587890625 71.23400115966796875 75.582000732421875 99.930999755859375 107.84999847412109375 137.4080047607421875 145.587005615234375 178.2859954833984375 219.2239990234375 276.62298583984375 306.821014404296875 287.09100341796875 255.83099365234375 241.761993408203125 233.3520050048828125 249.7129974365234375 277.993011474609375 293.063995361328125 324.4739990234375 330.813995361328125 323.285003662109375 367.114990234375 430.626007080078125 478.696014404296875 479.326995849609375 512.24700927734375 562.0679931640625 595.27801513671875 624.8489990234375
