examples/02_MontePisano/data/dtm.asc
ncols        56
nrows        64
xllcorner    620803.000000000000
yllcorner    4838374.000000000000
cellsize     99.517857142857
NODATA_value -9999
[rows 40 to 59 of 64, columns 0 to 44 of 56]
0.65200001001358032227 6.5310001373291015625 6.5689997673034667969 7.0869998931884765625 7.9660000801086425781 10.003999710083007812 11.772000312805175781 11.201000213623046875 10.649000167846679688 13.796999931335449219 17.016000747680664062 22.01399993896484375 31.101999282836914062 59.6510009765625 98.128997802734375 137.5469970703125 179.7660064697265625 228.03399658203125 272.37200927734375 259.941009521484375 256.759002685546875 270.337005615234375 292.746002197265625 325.66400146484375 364.082000732421875 409.9110107421875 413.938995361328125 409.696990966796875 407.727996826171875 397.49798583984375 408.269012451171875 410.118988037109375 406.57000732421875 435.910003662109375 417.260986328125 414.02099609375 444.9219970703125 451.00201416015625 426.01300048828125 413.863006591796875 404.454010009765625 420.593994140625 428.345001220703125 412.644989013671875 410.2860107421875
0.80199998617172241211 9.5799999237060546875 7.2179999351501464844 7.66699981689453125 10.404999732971191406 16.982999801635742188 26.091999053955078125 30.06999969482421875 15.437999725341796875 18.316999435424804688 22.885000228881835938 26.76300048828125 35.43199920654296875 54.529998779296875 85.29799652099609375 119.99700164794921875 162.225006103515625 206.8130035400390625 258.760986328125 313.42999267578125 312.907989501953125 315.105987548828125 334.05499267578125 355.032989501953125 376.920989990234375 410.350006103515625 456.467987060546875 459.006011962890625 452.696990966796875 441.777008056640625 443.68798828125 450.43798828125 436.22900390625 436.259002685546875 442.29998779296875 447.75 439.46099853515625 414.930999755859375 380.951995849609375 370.60198974609375 361.303009033203125 378.662994384765625 397.2139892578125 377.02398681640625 371.93499755859375
10.670999526977539062 4.8790001869201660156 12.128000259399414062 9.5360002517700195312 11.144000053405761719 14.803000450134277344 22.180999755859375 51.63899993896484375 45.937999725341796875 28.205999374389648438 26.384000778198242188 32.26200103759765625 40.7910003662109375 55.99900054931640625 78.94699859619140625 108.37599945068359375 145.7239990234375 191.082000732421875 236.850006103515625 288.139007568359375 341.0469970703125 374.44500732421875 381.40399169921875 396.10198974609375 412.92999267578125 429.308990478515625 470.316986083984375 516.19500732421875 503.08599853515625 458.385986328125 436.527008056640625 412.777008056640625 396.0679931640625 404.39801025390625 445.519012451171875 448.019012451171875 422.20001220703125 388.790008544921875 374.050994873046875 323.371002197265625 312.881988525390625 337.60198974609375 358.14300537109375 342.162994384765625 331.54400634765625
11 0.58899998664855957031 9.506999969482421875 6.3350000381469726562 9.9040002822875976562 16.461999893188476562 43.369998931884765625 62.88800048828125 63.3470001220703125 67.6750030517578125 50.19300079345703125 38.4420013427734375 44.450000762939453125 54.2480010986328125 74.1660003662109375 101.0449981689453125 132.1929931640625 170.990997314453125 215.7299957275390625 262.447998046875 311.316009521484375 358.553985595703125 402.983001708984375 438.480987548828125 440.389007568359375 458.5880126953125 469.656005859375 490.433990478515625 463.92498779296875 422.894989013671875 392.925994873046875 370.906005859375 346.826995849609375 397.897003173828125 438.947998046875 436.368011474609375 409.968994140625 379.27899169921875 353.05999755859375 320.410003662109375 274.670989990234375 293.061004638671875 309.052001953125 289.272003173828125 289.993011474609375
10.800000190734863281 0.56800001859664916992 9.1160001754760742188 8.9149999618530273438 9.6630001068115234375 24.5709991455078125 13.88899993896484375 51.437999725341796875 60.895999908447265625 69.3040008544921875 93.48200225830078125 65.6309967041015625 51.949001312255859375 57.176998138427734375 70.6660003662109375 95.35399627685546875 124.18199920654296875 156.9199981689453125 194.8090057373046875 237.9470062255859375 281.82501220703125 323.1929931640625 367.23199462890625 403.269989013671875 434.477996826171875 448.985992431640625 460.9949951171875 439.0830078125 416.3330078125 383.503997802734375 356.373992919921875 334.69500732421875 329.904998779296875 365.876007080078125 402.186004638671875 435.62701416015625 420.527008056640625 400.988006591796875 371.27801513671875 331.468994140625 290.718994140625 249.0399932861328125 255.779998779296875 252.58099365234375 258.821014404296875
10.359000205993652344 1.8569999933242797852 9.2860002517700195312 9.3839998245239257812 9.6920003890991210938 8.7799997329711914062 11.819000244140625 18.687000274658203125 58.904998779296875 65.4530029296875 88.46199798583984375 101.70999908447265625 93.48799896240234375 95.82599639892578125 76.72499847412109375 85.2429962158203125 115.05100250244140625 145.5189971923828125 178.3780059814453125 213.95599365234375 251.813995361328125 288.2919921875 325.95098876953125 364.678985595703125 409.177001953125 412.045013427734375 422.433990478515625 411.37200927734375 372.74200439453125 346.662994384765625 322.89300537109375 300.074005126953125 295.933990478515625 327.43499755859375 363.375 398.805999755859375 438.135986328125 424.73699951171875 390.006988525390625 353.428009033203125 312.13800048828125 268.718994140625 231.4589996337890625 215.0399932861328125 226.8699951171875
0 9.8970003128051757812 9.4849996566772460938 8.7729997634887695312 8.2209997177124023438 9.3800001144409179688 9.7679996490478515625 20.086000442504882812 18.413999557495117188 23.353000640869140625 72.371002197265625 98.3489990234375 117.61699676513671875 130.8860015869140625 107.79399871826171875 92.68199920654296875 102.19000244140625 131.298004150390625 161.7769927978515625 189.9250030517578125 217.0030059814453125 252.550994873046875 298.010009765625 350.167999267578125 404.45599365234375 376.9639892578125 368.842987060546875 375.70098876953125 340.58099365234375 307.5419921875 285.6619873046875 266.863006591796875 263.37298583984375 293.753997802734375 333.04400634765625 375.07501220703125 427.774993896484375 438.196014404296875 416.5260009765625 381.826995849609375 334.6669921875 292.3179931640625 260.89801025390625 203.9290008544921875 186.009002685546875
0 0 9.0240001678466796875 8.2220001220703125 8.2810001373291015625 8.3690004348754882812 8.8570003509521484375 8.4549999237060546875 28.26300048828125 35.312000274658203125 64.87999725341796875 88.6880035400390625 99.1959991455078125 127.4250030517578125 129.2429962158203125 123.16100311279296875 120.128997802734375 114.3379974365234375 139.70599365234375 165.28399658203125 201.701995849609375 249.399993896484375 300.29901123046875 355.11700439453125 393.605010986328125 346.52301025390625 317.49200439453125 330.30999755859375 314.489990234375 273.691009521484375 248.3809967041015625 234.802001953125 240.802001953125 274.282989501953125 311.972991943359375 355.313995361328125 401.873992919921875 419.93499755859375 409.415008544921875 381.925994873046875 343.876007080078125 303.566986083984375 270.886993408203125 237.3979949951171875 191.51800537109375
0 0 0 0 8.5500001907348632812 8.368000030517578125 8.3760004043579101562 8.1840000152587890625 8.33300018310546875 9.6610002517700195312 12.529000282287597656 37.407001495361328125 53.965999603271484375 97.2740020751953125 149.1820068359375 169.1199951171875 174.477996826171875 150.826995849609375 153.095001220703125 163.76300048828125 190.061004638671875 242.1089935302734375 293.727996826171875 335.08599853515625 354.553985595703125 324.56201171875 278.329986572265625 274.759002685546875 274.968994140625 250.2100067138671875 212.8600006103515625 202.990997314453125 215.6309967041015625 252.3419952392578125 295.23199462890625 345.14300537109375 389.792999267578125 381.15399169921875 375.27398681640625 363.375 337.105010986328125 304.906005859375 262.57598876953125 226.7870025634765625 209.11700439453125
0 0 0 0 0 8.2370004653930664062 8.5249996185302734375 8.2340002059936523438 7.9419999122619628906 8.159999847412109375 8.3879995346069335938 9.9960002899169921875 15.135000228881835938 66.822998046875 112.45099639892578125 154.949005126953125 210.2270050048828125 189.115997314453125 193.91400146484375 221.4219970703125 229.1999969482421875 240.787994384765625 274.23699951171875 286.9949951171875 303.173004150390625 309.180999755859375 255.319000244140625 220.4980010986328125 228.537994384765625 217.167999267578125 191.1790008544921875 173.47900390625 195.1199951171875 241.160003662109375 287.941009521484375 332.781005859375 366.6719970703125 339.342010498046875 337.01300048828125 351.933013916015625 336.313995361328125 313.144989013671875 275.4849853515625 236.0760040283203125 198.425994873046875
0 0 0 0 0 0 8.6850004196166992188 8.8730001449584960938 8.2910003662109375 7.9889998435974121094 8.2270002365112304688 8.2959995269775390625 9.8940000534057617188 37.411998748779296875 77.30999755859375 118.51799774169921875 166.73699951171875 205.875 224.9429931640625 263.60101318359375 281.878997802734375 241.266998291015625 225.2960052490234375 229.9640045166015625 247.5919952392578125 278.80999755859375 248.4980010986328125 201.4770050048828125 180.1670074462890625 177.5469970703125 160.3280029296875 148.197998046875 185.878997802734375 226.22900390625 271.79998779296875 308.239990234375 322.531005859375 301.33099365234375 300.891998291015625 324.881988525390625 339.0830078125 314.553009033203125 273.2340087890625 233.0240020751953125 191.625
0 0 0 0 0 0 0 8.90200042724609375 8.8100004196166992188 8.5080003738403320312 8.5059995651245117188 8.423999786376953125 8.493000030517578125 10.031000137329101562 41.7089996337890625 78.8170013427734375 125.19499969482421875 176.072998046875 232.891998291015625 275.670013427734375 267.87799072265625 229.235992431640625 185.9640045166015625 183.352996826171875 200.96099853515625 229.40899658203125 246.2169952392578125 203.1049957275390625 157.735992431640625 139.985992431640625 128.826995849609375 136.35699462890625 177.4279937744140625 212.447998046875 251.1190032958984375 270.739013671875 274.32000732421875 263.55999755859375 268.920989990234375 305.22100830078125 318.9320068359375 299.441986083984375 270.38299560546875 239.1529998779296875 216.694000244140625
0 0 0 0 0 0 0 0 9.1780004501342773438 8.7559995651245117188 8.9739999771118164062 8.4630002975463867188 9.3009996414184570312 9.1289997100830078125 11.246999740600585938 22.256000518798828125 98.8040008544921875 158.451995849609375 214.3600006103515625 219.108001708984375 260.10699462890625 233.595001220703125 197.572998046875 141.6410064697265625 156.970001220703125 182.1779937744140625 209.3560028076171875 193.6840057373046875 160.154998779296875 130.154998779296875 104.34600067138671875 116.67600250244140625 158.5260009765625 195.8470001220703125 222.3070068359375 225.298004150390625 243.3480072021484375 225.66900634765625 249.878997802734375 285.5 288.92999267578125 280.990997314453125 265.811004638671875 253.552001953125 221.2920074462890625
0 0 0 0 0 0 0 0 9.465999603271484375 9.3739995956420898438 9.3830003738403320312 9.2209997177124023438 9.2089996337890625 9.0469999313354492188 9.1359996795654296875 22.753999710083007812 65.7819976806640625 136.1100006103515625 147.66900634765625 168.2570037841796875 213.7649993896484375 237.063995361328125 209.462005615234375 164.8800048828125 114.88800048828125 132.1269989013671875 152.9550018310546875 160.673004150390625 146.6829986572265625 112.32399749755859375 103.944000244140625 70.464996337890625 123.875 165.3560028076171875 187.865997314453125 193.0070037841796875 192.1269989013671875 198.537994384765625 235.0279998779296875 247.1190032958984375 249.1490020751953125 245.4499969482421875 235.94000244140625 244.850006103515625 240.2209930419921875
0 0 0 0 0 0 0 0 0 9.6920003890991210938 9.840999603271484375 9.548999786376953125 9.2270002365112304688 8.826000213623046875 8.8339996337890625 9.29199981689453125 46.770999908447265625 111.4889984130859375 96.9369964599609375 154.14599609375 209.134002685546875 219.4320068359375 206.6009979248046875 176.72900390625 126.0370025634765625 78.996002197265625 100.0540008544921875 111.3119964599609375 127.46199798583984375 97.5930023193359375 92.322998046875 63.854000091552734375 104.2740020751953125 138.3650054931640625 152.56500244140625 152.45599365234375 144.64599609375 189.156005859375 209.587005615234375 206.3470001220703125 216.5279998779296875 215.858001708984375 190.699005126953125 202.2689971923828125 224.6699981689453125
0 0 0 0 0 0 0 0 0 0 9.3489999771118164062 9.9569997787475585938 8.8559999465942382812 9.5839996337890625 9.451999664306640625 9.0509996414184570312 25.839000701904296875 22.406999588012695312 39.98600006103515625 134.5540008544921875 152.4329986572265625 169.281005859375 197.199005126953125 187.9680023193359375 156.126007080078125 109.84400177001953125 51.25299835205078125 65.6009979248046875 75.89099884033203125 75.1320037841796875 65.802001953125 54.213001251220703125 86.8430023193359375 117.3730010986328125 113.9739990234375 114.31400299072265625 114.02500152587890625 141.964996337890625 173.175994873046875 172.33599853515625 204.615997314453125 204.7469940185546875 167.4470062255859375 181.9380035400390625 200.38800048828125
0 0 0 0 0 0 0 0 0 0 4.7670001983642578125 9.395999908447265625 9.6339998245239257812 9.5019998550415039062 8.930999755859375 9.3789997100830078125 11.20800018310546875 18.475999832153320312 22.034000396728515625 19.83300018310546875 52.921001434326171875 160.1300048828125 171.50799560546875 195.436004638671875 187.6150054931640625 155.64300537109375 95.29199981689453125 52.9199981689453125 37.299999237060546875 39.880001068115234375 34.4010009765625 73.70099639892578125 104.9720001220703125 124.73200225830078125 91.11299896240234375 78.94300079345703125 90.93399810791015625 107.84400177001953125 123.9739990234375 147.06500244140625 189.2949981689453125 179.3560028076171875 152.39599609375 156.1060028076171875 177.266998291015625
0 0 0 0 0 0 0 0 0 0 0 1.9240000247955322266 1.8919999599456787109 1.8910000324249267578 3.5190000534057617188 11.428000450134277344 11.086000442504882812 11.673999786376953125 14.432999610900878906 16.7910003662109375 62.09999847412109375 123.20800018310546875 136.73699951171875 159.1649932861328125 173.7239990234375 168.451995849609375 124.67099761962890625 79.78900146484375 33.03900146484375 23.669000625610351562 51.810001373291015625 69.339996337890625 92.7310028076171875 119.72100067138671875 98.89099884033203125 62.742000579833984375 67.76200103759765625 79.38300323486328125 89.4629974365234375 116.46399688720703125 157.9539947509765625 147.444000244140625 108.9850006103515625 158.9149932861328125 185.876007080078125
0 0 0 0 0 0 0 0 0 0 0 8.1619997024536132812 10.449999809265136719 11.149000167846679688 9.16699981689453125 1.9060000181198120117 1.9140000343322753906 5.5630002021789550781 12.630999565124511719 14.239999771118164062 34.908000946044921875 57.466999053955078125 91.285003662109375 114.87400054931640625 133.141998291015625 143.71099853515625 109.47899627685546875 65.197998046875 29.618000030517578125 16.7779998779296875 42.7389984130859375 81.74900054931640625 125.33899688720703125 137.029998779296875 120.26000213623046875 81.34100341796875 42.631000518798828125 56.381000518798828125 59.051998138427734375 90.84200286865234375 140.423004150390625 123.55300140380859375 85.322998046875 122.7239990234375 0
0 0 0 0 0 0 0 0 0 0 0 0 7.3590002059936523438 8.5670003890991210938 8.9960002899169921875 11.053999900817871094 11.343000411987304688 3.9609999656677246094 2.0199999809265136719 5.8379998207092285156 12.647000312805175781 17.9459991455078125 42.23400115966796875 66.322998046875 100.3509979248046875 107.8899993896484375 92.95800018310546875 48.52700042724609375 15.036999702453613281 14.217000007629394531 41.74700164794921875 94.947998046875 142.9080047607421875 156.0989990234375 116.13899993896484375 75.02899932861328125 35.759998321533203125 41.59999847412109375 45.28099822998046875 87.45099639892578125 110.871002197265625 90.74199676513671875 58.36199951171875 0 0
